Gene	Observed	Predicted	Residual
A4GALT	1.791537	1.667734	0.123804
AACS	1.457519	1.201002	0.256517
ABCA2	0.527782	0.699865	-0.172083
ACADM	2.14404	2.000678	0.143362
ACOT7	1.51114	1.672675	-0.161535
ACP2	1.387545	1.29399	0.093556
ACP5	1.560573	1.558106	0.002466
ACTL6A	1.902639	1.360124	0.542515
ACY3	2.021413	1.228907	0.792506
ACYP2	1.639319	1.44342	0.195899
ADAM8	1.209482	1.406931	-0.197449
ADGRG5	2.080306	1.987333	0.092973
ADPRH	1.600576	1.303852	0.296724
ADRB2	0.712141	0.951187	-0.239046
AFF2	1.693509	1.601006	0.092502
AGTRAP	1.009528	1.285822	-0.276294
AICDA	2.245835	1.758624	0.487211
AIM1	1.779308	1.828519	-0.049211
AIMP2	1.624774	1.568324	0.056451
ALDH2	2.065193	2.214571	-0.149378
ALDH7A1	0.858953	1.234652	-0.3757
ANGPTL6	1.48685	1.926949	-0.440099
ANK1	1.267044	0.807134	0.459909
ANKRD13A	2.558095	2.945836	-0.387741
ANKRD34B	0.704619	0.106601	0.598018
ANO9	0.984526	1.014691	-0.030165
ANP32E	2.307197	1.442806	0.864391
ANTXR2	0.310763	0.547135	-0.236372
ANXA2R	1.411148	1.547045	-0.135896
ANXA5	2.077743	1.321952	0.755791
ANXA6	2.09208	1.417276	0.674804
AP1S2	0.923618	1.40643	-0.482812
APBB2	1.017043	0.760838	0.256206
APOBEC3C	2.109999	1.58425	0.525749
APOBEC3D	1.089244	1.633252	-0.544007
APOBEC3F	1.019187	1.278335	-0.259147
APOL6	0.520875	1.244825	-0.72395
AQP3	0.855271	1.032629	-0.177358
ARHGAP10	0.818783	0.969368	-0.150585
ARHGAP11A	1.717335	1.242761	0.474574
ARHGAP8	0.458966	0.761324	-0.302358
ARHGEF3	0.630208	0.840733	-0.210525
ARHGEF37	0.791426	1.433573	-0.642147
ARL3	1.044753	1.763987	-0.719235
ARL4C	0.550258	0.775173	-0.224915
ARRDC4	1.144912	1.154562	-0.00965
ARRDC5	0.319119	1.191143	-0.872024
ASAH1	1.169622	1.406639	-0.237017
ASAP1	1.708621	1.222787	0.485834
ASAP3	1.329515	1.221457	0.108059
ASB2	1.619853	1.832388	-0.212535
ASF1B	2.065045	1.74944	0.315605
ASRGL1	1.111497	1.34044	-0.228943
ATAD2	1.762877	1.585876	0.177001
ATP1B3	1.855978	1.321137	0.534841
ATP6V0A1	1.365613	1.517228	-0.151615
B3GALNT1	0.979004	1.158995	-0.179991
BACH2	2.223977	2.382165	-0.158188
BAG3	1.272429	1.138773	0.133656
BAIAP2L1	1.440525	1.323047	0.117478
BARD1	1.432303	1.648323	-0.21602
BCAR3	1.884012	1.674342	0.20967
BCAS4	2.530358	2.487684	0.042675
BCAT1	1.518083	1.501737	0.016346
BCL2	0.552279	0.902958	-0.350679
BCL2A1	2.184482	1.840885	0.343597
BCL2L11	1.815602	1.169762	0.645839
BCL2L12	1.691671	1.351077	0.340594
BCL6	2.616386	2.283286	0.3331
BCL7A	2.357309	2.125529	0.23178
BCL9L	0.876106	1.310102	-0.433996
BEX3	1.092099	1.409141	-0.317042
BEX4	1.351069	1.289243	0.061826
BHLHE40	0.667804	1.154601	-0.486797
BMP7	1.373566	1.16012	0.213446
BNIP3	1.570705	1.142691	0.428015
BORCS8	2.866613	2.239582	0.62703
BORCS8-MEF2B	2.866613	2.239582	0.62703
BPNT1	2.323328	1.445256	0.878072
BRWD1	1.927811	2.045575	-0.117765
BTG3	1.578204	1.487002	0.091202
BTN3A1	1.14997	1.364427	-0.214456
BTN3A3	0.990487	1.074218	-0.083731
BUB1B	1.88615	2.061518	-0.175368
BUB1B-PAK6	1.88615	1.309089	0.577061
C12orf74	0.96871	1.232813	-0.264103
C12orf75	2.076243	1.551565	0.524678
C17orf53	0.945137	1.440116	-0.494979
C17orf58	1.012669	1.260726	-0.248057
C21orf58	1.411496	1.964706	-0.55321
C2orf88	1.278779	1.293986	-0.015207
C3orf14	0.829353	1.261637	-0.432284
C3orf20	0.721694	1.233526	-0.511832
C5orf56	1.061663	1.446562	-0.3849
CADM1	1.200178	0.708853	0.491326
CADPS	1.222567	1.187776	0.03479
CALM2	2.85949	1.894064	0.965426
CAMK1	2.062334	1.518256	0.544077
CAMK1D	0.682752	1.251179	-0.568427
CAMK2B	1.194042	1.544464	-0.350422
CAMP	1.594333	1.396943	0.19739
CAPN12	0.469885	0.770935	-0.30105
CAPN2	0.68542	0.688252	-0.002832
CAPN3	0.709847	1.469021	-0.759173
CAPRIN2	0.908191	1.168945	-0.260754
CARHSP1	1.922264	1.530699	0.391566
CASP3	1.905009	1.605335	0.299674
CBX5	1.922554	1.909973	0.012581
CBX8	1.07072	1.234575	-0.163855
CCDC102A	1.407735	2.141206	-0.733471
CCDC107	1.401667	1.99254	-0.590873
CCDC34	1.189482	1.131187	0.058295
CCDC69	2.646111	1.878579	0.767533
CCDC88A	1.959797	1.665895	0.293901
CCDC88B	1.668498	1.972402	-0.303904
CCNA2	2.017216	1.390081	0.627134
CCND2	0.398494	0.725265	-0.326772
CCNF	1.681901	1.39987	0.282031
CCR7	0.576576	1.136342	-0.559766
CD1A	0.944537	1.141462	-0.196925
CD27	2.613446	1.848137	0.76531
CD3D	0.718512	0.805264	-0.086753
CD5	0.394579	1.07839	-0.683811
CD55	1.384108	1.260926	0.123183
CD6	0.529728	0.917442	-0.387714
CD86	1.784436	1.538859	0.245578
CD9	1.507849	1.318277	0.189572
CDC20	2.300971	2.218514	0.082457
CDC25A	1.348244	1.64195	-0.293706
CDC6	1.603078	1.323832	0.279246
CDC7	1.526517	1.33482	0.191698
CDCA2	1.524137	1.892154	-0.368017
CDCA7	2.459919	2.423499	0.03642
CDIP1	0.713201	0.799656	-0.086454
CDK1	2.208467	2.122042	0.086425
CDK19	1.591079	1.922341	-0.331262
CDKN1A	0.737772	1.070241	-0.332468
CDT1	1.753978	2.029659	-0.275681
CDYL2	1.065761	1.44936	-0.383598
CEBPB	0.648149	1.193063	-0.544914
CELF2	1.010106	1.076849	-0.066743
CEMP1	0.925182	1.481205	-0.556024
CENPH	1.729773	1.461576	0.268197
CENPM	2.155497	2.057508	0.097989
CEP55	1.772703	1.366654	0.40605
CETN3	1.574971	1.512659	0.062312
CFAP20	1.910335	1.47576	0.434574
CHAMP1	1.714125	1.613511	0.100614
CHD1	1.149662	1.430081	-0.280418
CHDH	0.940554	1.2784	-0.337846
CHIC2	1.765237	1.579271	0.185966
CHPT1	0.856668	0.81097	0.045698
CHST11	1.227713	0.803136	0.424577
CIT	1.104402	1.395002	-0.2906
CKAP2L	1.419892	1.41231	0.007583
CKB	0.82041	1.241605	-0.421195
CKS1B	1.711214	2.321393	-0.610179
CLCN7	1.483351	1.86465	-0.381299
CLEC17A	1.931477	1.504177	0.4273
CLIC4	2.404626	2.600515	-0.195889
CLIP2	1.645728	1.258837	0.386892
CLSPN	1.167441	1.20998	-0.042538
CMC1	1.586375	1.255944	0.330431
CNFN	0.572702	0.857385	-0.284683
COL9A3	1.233448	1.309128	-0.07568
CORO1B	1.67149	1.962227	-0.290737
CPM	1.490966	1.224279	0.266687
CPNE2	0.77007	0.824255	-0.054185
CPSF3	1.897426	1.817381	0.080045
CPXM1	1.291129	1.386976	-0.095847
CR2	2.559573	1.625659	0.933914
CREB3L2	0.559412	0.961531	-0.402119
CRHBP	1.061556	0.891822	0.169734
CRNDE	0.936915	1.034154	-0.097239
CSE1L	1.87592	2.19949	-0.323569
CSF2RB	1.904995	1.44523	0.459765
CSRP1	1.758487	1.441726	0.316762
CTC1	1.217275	1.423783	-0.206508
CTPS1	1.580515	1.763184	-0.182669
CTSH	2.636001	1.989184	0.646817
CTSS	1.928468	1.574965	0.353503
CTTN	1.197707	1.326226	-0.128519
CUX1	1.981809	1.566998	0.41481
CYS1	1.124376	1.204249	-0.079873
DARS2	1.506838	1.657084	-0.150246
DDX60L	0.450822	1.0202	-0.569378
DEF6	1.782369	1.636304	0.146064
DEF8	2.764757	1.793214	0.971543
DENND6B	1.438912	1.394436	0.044476
DEPDC1B	1.580737	1.163695	0.417042
DEPDC5	1.479276	1.629825	-0.150549
DGAT1	1.185527	0.999832	0.185695
DLGAP5	1.784673	1.185332	0.599341
DMXL2	0.846262	1.147309	-0.301047
DNMBP	1.412205	1.350402	0.061803
DNMT1	2.370663	2.815647	-0.444984
DNMT3B	0.780627	1.4686	-0.687973
DOCK9	1.325368	1.515196	-0.189828
DPEP2	1.137836	1.367702	-0.229866
DPYD	0.735995	1.077509	-0.341513
DSCC1	1.367877	1.493908	-0.126031
DSE	0.80731	0.852951	-0.04564
DSTN	2.088948	1.30424	0.784708
DTYMK	1.823402	1.796399	0.027003
DUSP2	2.356016	1.543478	0.812538
EBF1	1.760712	2.328311	-0.567599
ECEL1	0.769541	0.760082	0.009458
EDEM1	2.331935	2.75846	-0.426525
EEPD1	1.173075	1.434444	-0.261368
EFNB2	0.676098	0.869717	-0.193619
EHD1	2.44872	2.093176	0.355544
EHMT1	2.038343	1.916214	0.122129
ELL3	2.73277	2.250527	0.482243
ELP6	1.790462	1.599984	0.190478
EMC9	1.511693	2.133727	-0.622033
EML4	1.48013	1.260784	0.219346
EML6	2.079995	1.32577	0.754225
ENG	0.772008	1.215203	-0.443195
ENO2	2.030503	1.445246	0.585257
EPB41L2	1.16806	0.907496	0.260564
EPSTI1	1.363878	1.071192	0.292686
ERI1	1.439565	1.653779	-0.214214
ETFRF1	0.826745	1.199293	-0.372548
ETHE1	0.994045	1.098439	-0.104394
EYA3	1.874666	2.431759	-0.557093
FAM111B	1.716916	1.623472	0.093444
FAM177B	0.429581	1.327692	-0.898111
FAM184A	1.075087	1.377239	-0.302152
FAM72A	1.012587	1.525499	-0.512912
FAM72B	1.022957	1.437579	-0.414622
FAM72D	2.050859	1.513895	0.536964
FAM76B	2.078745	1.76206	0.316685
FAM98B	1.475402	1.17172	0.303681
FANCA	2.076734	1.69159	0.385145
FANCI	1.9127	1.132336	0.780364
FBLN5	0.703827	0.865207	-0.161381
FBRSL1	1.021091	1.097217	-0.076126
FBXL7	0.932982	1.209257	-0.276275
FBXO10	1.592528	1.87792	-0.285392
FBXO43	0.844614	1.354441	-0.509827
FBXO6	0.491203	1.179688	-0.688485
FCER2	1.52917	1.208205	0.320965
FCMR	1.556959	1.429102	0.127857
FDCSP	1.478848	1.437184	0.041664
FGD2	1.820726	1.243809	0.576916
FGD3	1.458714	1.613946	-0.155233
FGD6	1.977547	2.406218	-0.428671
FGFR1	0.908553	0.875326	0.033226
FKBP5	1.819751	1.147828	0.671923
FLNA	1.594975	1.560628	0.034347
FLT3LG	0.799606	1.10856	-0.308954
FMNL2	1.021176	0.852691	0.168485
FNBP1	2.376416	2.063234	0.313182
FOLR2	1.047419	1.316665	-0.269246
FOXM1	1.822827	2.094708	-0.271881
FSBP	1.064825	1.469501	-0.404676
FUOM	1.239516	1.308024	-0.068507
FUT7	0.452862	0.835865	-0.383003
FXYD5	1.891607	1.825469	0.066138
FYTTD1	2.009357	1.253703	0.755654
GAB3	0.83054	1.384595	-0.554055
GABBR1	0.977804	0.744753	0.233051
GADD45A	1.401238	0.89331	0.507928
GALNT10	0.886737	0.647666	0.23907
GALNT3	0.762062	1.093792	-0.33173
GBGT1	1.338832	1.093736	0.245096
GBP5	0.631697	1.37126	-0.739563
GCAT	0.926402	1.295662	-0.369261
GCNT2	1.387021	1.53551	-0.148489
GCSAM	2.298789	1.60032	0.698469
GEN1	1.893243	1.558259	0.334984
GGH	1.300874	1.515011	-0.214137
GGT7	0.345993	0.533188	-0.187195
GHDC	1.288021	1.406187	-0.118166
GIMAP2	1.135544	1.327417	-0.191874
GINS3	1.499833	1.742857	-0.243025
GINS4	1.28804	1.502569	-0.214528
GNA13	2.347459	1.706076	0.641383
GNB3	1.098095	1.175058	-0.076963
GNG7	1.418023	1.092446	0.325577
GON7	1.641521	1.30047	0.341051
GOT2	2.072993	1.596368	0.476624
GPD1L	1.20702	1.294545	-0.087525
GPER1	1.271802	1.083108	0.188694
GPR143	0.685707	1.217624	-0.531917
GPR160	2.239201	1.588957	0.650244
GPR183	1.300444	1.41535	-0.114906
GPRASP1	0.411091	1.07596	-0.664869
GPSM2	1.532102	1.652168	-0.120066
GPT2	1.518797	1.27776	0.241036
GRASP	0.495026	0.727163	-0.232137
GSAP	1.451904	1.255123	0.196782
GSDMB	1.106819	1.391665	-0.284846
GTSE1	1.770878	1.668455	0.102423
H1F0	1.310142	0.946913	0.363228
H2AFX	2.311074	2.007378	0.303695
HDAC7	2.244047	1.914726	0.329321
HELLS	1.471706	1.467624	0.004082
HELZ2	1.001561	0.861858	0.139702
HES1	0.624437	0.787466	-0.163029
HES6	1.506181	0.798913	0.707268
HIST1H2BH	1.445609	1.257422	0.188188
HIST1H3F	1.062356	1.363201	-0.300846
HIST1H4L	0.951909	1.699628	-0.747718
HIST3H2A	0.95953	1.307185	-0.347655
HJURP	1.833649	1.142634	0.691015
HLA-DQA2	1.861494	1.10955	0.751945
HLA-DQB2	1.584071	1.10393	0.480141
HLTF	1.558659	1.179865	0.378793
HMGA1	2.812601	2.483851	0.32875
HMGB3	1.588972	1.496321	0.092651
HMGN1	2.980589	2.091459	0.889129
HMMR	1.819422	1.683389	0.136033
HOXA3	0.661283	0.833876	-0.172593
HOXA5	0.839189	0.902445	-0.063256
HOXA7	0.83129	0.737182	0.094108
HOXC4	1.252943	1.116767	0.136176
HOXC5	1.252943	0.922303	0.33064
HOXC6	1.252943	1.058737	0.194206
HS2ST1	1.793857	1.678722	0.115136
HSD17B11	1.45553	1.272344	0.183186
HSPA2	1.075964	1.006683	0.069281
HSPB11	2.056729	1.627208	0.429521
HSPH1	2.175434	1.779431	0.396004
HYPK	2.669173	2.743192	-0.074019
ICAM2	1.517811	1.469075	0.048736
ICOSLG	1.504883	0.865291	0.639592
ID2	1.546296	1.052492	0.493804
IFIT2	0.874342	1.279924	-0.405582
IGF2BP3	1.626336	1.6079	0.018437
IL18BP	1.301289	1.741014	-0.439726
IL1RN	0.849046	1.029297	-0.180251
IL27RA	0.833385	1.201211	-0.367826
IL2RB	1.122965	0.669494	0.453471
IL6ST	0.6365	0.822127	-0.185627
ILDR1	1.077826	1.496908	-0.419082
INF2	1.45162	1.271496	0.180123
INTS7	1.349122	1.622708	-0.273586
IRF9	1.733726	1.773976	-0.04025
ISG15	1.261018	1.305885	-0.044867
ITGA4	1.360243	1.519295	-0.159051
ITGAE	1.367673	1.69609	-0.328417
JADE3	0.593839	0.927187	-0.333348
JAK3	1.905923	2.039872	-0.13395
JMJD7	1.230286	1.290697	-0.06041
JMJD7-PLA2G4B	1.230286	1.290697	-0.06041
JUNB	2.219203	2.589171	-0.369968
KAT2A	1.345134	1.780299	-0.435166
KATNAL1	1.504205	1.584621	-0.080417
KBTBD8	2.059312	1.688957	0.370355
KCNK12	1.288821	1.220426	0.068395
KCNMB4	0.951483	1.310758	-0.359275
KCNN3	1.192516	1.146092	0.046424
KDM7A	1.078008	1.151135	-0.073127
KIF11	1.992048	1.663334	0.328715
KIF18B	1.638546	1.44774	0.190806
KIF20A	1.711968	1.562735	0.149232
KIF23	1.711477	1.221175	0.490303
KIF3A	1.148792	1.152242	-0.00345
KIFC1	2.179508	1.769723	0.409785
KLF9	0.608934	0.854279	-0.245345
KLHL42	1.387748	1.53665	-0.148902
KLHL6	2.659964	2.183989	0.475975
KNTC1	1.573105	1.426409	0.146696
LACC1	1.127785	1.255625	-0.12784
LAIR1	0.345095	0.965125	-0.62003
LAMC1	0.536757	0.788902	-0.252146
LBH	2.188732	1.829544	0.359188
LDLRAD4	0.566859	0.888402	-0.321543
LGALS1	1.930437	2.042928	-0.112491
LGALS3	1.347989	1.555796	-0.207807
LIMA1	1.428227	1.450622	-0.022395
LIMD1	0.830951	0.995995	-0.165044
LIMS1	1.652124	1.301365	0.350759
LINGO3	0.837807	0.631112	0.206695
LMNB2	1.892703	1.711057	0.181646
LNPEP	1.837623	1.733465	0.104158
LOC100128108	0.525642	0.732946	-0.207304
LOC150051	0.689872	1.20015	-0.510279
LOC283710	1.495202	1.984288	-0.489086
LOC728392	0.82464	0.962688	-0.138048
LOXL2	2.024729	1.322852	0.701877
LRCH3	1.705634	2.475497	-0.769863
LRR1	1.779802	1.705042	0.07476
LRRC32	0.970152	1.544716	-0.574563
LRRC4	1.114723	1.087637	0.027086
LRRK1	1.9953	1.663147	0.332153
LRRK2	0.885978	1.430984	-0.545006
LYPLA1	2.189366	1.993404	0.195961
LYPLAL1	1.847015	1.962064	-0.115049
LYZ	1.28601	0.830494	0.455516
MAD2L1	2.003206	1.349157	0.654049
MAML3	1.259711	1.28191	-0.022199
MAN2B1	1.936999	1.946589	-0.00959
MAN2C1	1.302008	1.85311	-0.551103
MAP3K1	1.495203	1.466221	0.028982
MAP3K5	0.685364	0.967089	-0.281725
MAP3K7CL	1.804462	1.354064	0.450398
MAP4K1	2.476344	1.870413	0.605931
MAPK11	0.529498	0.837531	-0.308033
MAPK12	1.018845	0.97907	0.039776
MAPKAPK3	0.837008	0.322455	0.514553
MARCH3	0.554035	0.896768	-0.342733
MARCKS	0.706372	0.415028	0.291344
MCM5	2.466537	2.386473	0.080065
MCM7	2.490641	2.177347	0.313294
MCM8	1.479203	1.832992	-0.353789
MCOLN2	1.892789	1.70448	0.188309
MCUB	2.255612	2.000629	0.254983
MED12L	1.032632	0.736658	0.295974
MED22	1.404126	2.00013	-0.596004
MEF2B	2.866613	2.367013	0.4996
METAP2	2.452501	1.757265	0.695237
METRNL	1.596208	1.588932	0.007276
MFGE8	0.925368	1.374842	-0.449474
MGAT3	1.592839	1.465953	0.126886
MGAT5	1.847965	1.725744	0.12222
MGLL	0.880063	1.333375	-0.453312
MIS18BP1	1.798384	1.434851	0.363532
MKI67	2.063764	1.456434	0.60733
MLLT6	1.742275	1.375004	0.367271
MNS1	0.770098	1.37321	-0.603112
MOB1B	1.885113	1.791037	0.094077
MOB3B	0.374829	0.999461	-0.624632
MOB3C	0.833241	1.047837	-0.214596
MORC3	1.245722	1.40118	-0.155458
MPHOSPH9	1.405917	1.88982	-0.483903
MREG	1.241303	1.479928	-0.238625
MRNIP	0.921996	1.237542	-0.315545
MROH1	1.513567	1.349275	0.164292
MSRB2	1.068969	1.142409	-0.07344
MTF2	2.030641	1.723484	0.307157
MTSS1	0.762146	0.9136	-0.151454
MUM1	1.135903	1.38816	-0.252257
MX2	1.476205	1.070025	0.40618
MXD3	1.714461	2.000432	-0.285971
MXI1	0.395372	0.60516	-0.209788
MYB	0.806025	1.456754	-0.65073
MYC	1.706807	1.557801	0.149006
MYH11	0.962749	0.985974	-0.023225
MYL6B	1.791598	2.050909	-0.259311
MYO1D	1.288386	1.544244	-0.255858
MYO1E	2.351341	1.913673	0.437667
MYO1F	0.510774	1.22436	-0.713586
MYO7B	0.511591	1.117247	-0.605657
MZT2A	2.116604	1.631527	0.485077
NADK2	1.512499	1.747539	-0.235039
NANS	2.540586	1.744911	0.795674
NAPRT	0.924372	0.805331	0.119041
NCAPD2	2.241611	1.8235	0.418111
NCOA7	1.523634	1.387337	0.136297
NCR3	1.514268	1.254089	0.260179
NDC1	2.009923	1.893844	0.116079
NDFIP2	1.123283	1.121475	0.001808
NDN	0.94252	1.117231	-0.174711
NDRG1	0.511966	0.639841	-0.127874
NDRG4	0.74529	0.905985	-0.160694
NDUFV2	2.264707	2.159022	0.105685
NEK2	1.615961	1.206161	0.4098
NEMP1	1.79537	2.226779	-0.431409
NIN	2.036568	2.014789	0.02178
NINL	0.856253	0.867419	-0.011166
NIPA2	1.679564	2.052999	-0.373434
NKX6-3	0.945916	1.103984	-0.158067
NLK	1.61006	1.950621	-0.34056
NME3	1.277443	1.601888	-0.324445
NMU	0.909433	1.254079	-0.344646
NOD1	0.714662	1.006006	-0.291344
NOTCH1	1.239066	1.266654	-0.027588
NR1D2	0.788821	1.108542	-0.319721
NRIP1	0.948733	1.126998	-0.178265
NRROS	0.393106	1.117737	-0.72463
NSD2	1.997042	1.713378	0.283664
NUF2	1.823332	1.728628	0.094704
NUGGC	2.349467	1.594292	0.755175
NXPH4	0.949106	0.844737	0.104369
OAS2	1.533649	1.117395	0.416254
OAS3	0.381817	0.796095	-0.414278
OR13A1	0.981218	1.073519	-0.092301
OSBPL10	1.971696	1.954413	0.017282
OSBPL9	1.985353	1.771948	0.213405
OSR2	0.737286	0.817174	-0.079888
OVGP1	0.424983	0.995669	-0.570686
P2RX1	0.587241	1.281887	-0.694646
P2RY10	0.991039	1.182035	-0.190996
PACSIN1	0.739367	0.963901	-0.224535
PADI2	0.666324	0.76808	-0.101756
PAFAH1B3	1.620727	1.531592	0.089135
